1 10 20
100 200 125
201 210 89
900 1000 174
1 1 1
500 500 111
200 200 27
15 15 18
20 30 112
1000 2000 182
100 500 144
123 162 122
5063 6003 236
1663 6094 238
156 170 112
1 1836 182
500 503 111
12 136 122
62 236 128
406 506 142
123 124 109
456 567 142
125 263 128
720 800 153
609 904 179
344 350 126
69 70 15
240 500 144
1 2 2
4 699 145
203 267 128
104 473 144
3 6904 262
6928 7000 257
500 8000 262
150 500 144
39 1000 179
609 2396 183
6 100 119
393 2369 183
12 26 24
46 209 125
7093 7999 252
620 720 171
14 144 122
367 398 121
597 6003 238
1235 1773 180
3263 5730 238
544 3744 238
100 201 125
600 1400 182
236 1273 182
100 900 179
30 20 112
2000 1000 182
500 100 144
162 123 122
6003 5063 236
6094 1663 238
170 156 112
1836 1 182
503 500 111
136 12 122
236 62 128
506 406 142
124 123 109
567 456 142
263 125 128
800 720 153
904 609 179
350 344 126
70 69 15
500 240 144
2 1 2
699 4 145
267 203 128
473 104 144
6904 3 262
7000 6928 257
8000 500 262
150 500 144
39 1000 179
2396 609 183
100 6 119
2369 393 183
26 12 24
209 46 125
7999 7093 252
720 620 171
144 14 122
398 367 121
6003 597 238
1773 1235 180
5730 3263 238
3744 544 238
201 100 125
1400 600 182
1273 236 182
900 100 179
